wall 0.58 -3.107 0.60 -3.105
wall -0.510632 -1.774320 -0.510632 -2.242780
wall -0.510632 -2.242780 0.299269 -2.242780
wall 0.299269 -2.242780 0.299269 -1.774320
wall -0.510632 -1.774320 0.299269 -1.774320 
wall 0.72021 4.859620 0.72021 5.329620
wall 0.72021 5.329620 1.52880 5.329620
wall 1.52880 5.329620 1.52880 4.859620 
wall 0.72021 4.859620 1.52880 4.859620  
wall -0.773950 2.578530 -0.773950 1.769030 
wall -0.773950 1.769030 -1.243950 1.769030
wall -1.243950 1.769030 -1.247780 2.578530 
wall -0.773950 2.578530 -1.247780 2.578530 
wall 0.437658 5.329590 0.437658 4.859590 
wall 0.437658 4.859590 -0.032342 4.859590
wall -0.032342 4.859590 -0.032342 5.329590
wall 0.437658 5.329590 -0.032342 5.329590
wall -0.036179 1.772600 -0.036179 1.302600
wall -0.036179 1.302600 -0.506179 1.302600
wall -0.506179 1.302600 -0.506179 1.772600
wall -0.036179 1.772600 -0.506179 1.772600 
wall 0.439399 0.467089 0.439399 -0.002911 
wall 0.439399 -0.002911 -0.030601 -0.002911 
wall -0.030601 -0.002911 -0.030601 0.467089
wall 0.439399 0.467089 -0.030601 0.467089 
wall 1.188248 -1.772780 1.188248 -2.242780
wall 1.188248 -2.242780 0.718248 -2.242780 
wall 0.718248 -2.242780 0.718248 -1.772780
wall 1.188248 -1.772780 0.718248 -1.772780 
wall 0.294929 1.058185 0.294929 0.728185 
wall 0.294929 0.728185 -0.035071 0.728185
wall -0.035071 0.728185 -0.035071 1.058185
wall 0.294929 1.058185 -0.035071 1.058185 
wall -0.574018 8.877310 -0.574018 8.547310 
wall -0.574018 8.547310 -0.904018 8.547310 
wall -0.904018 8.547310 -0.904018 8.877310 
wall -0.574018 8.877310 -0.904018 8.877310 