2 3 0.35
3 4 0.35
4 5 0.46846
5 6 1.159901
6 7 0.81846
7 8 0.35
8 2 0.459901
9 10 0.35
10 11 0.82
11 12 1.15859
12 13 0.35
13 14 0.47
14 15 0.35
15 9 0.45859
16 17 0.35
17 18 1.1595
18 19 0.82383
19 20 0.35
20 21 0.809509
21 22 0.35
22 16 0.12
23 24 0.35
24 25 0.82
25 26 0.82
26 27 0.82
27 28 0.35
28 23 0.12
29 30 0.35
30 31 0.82
31 32 0.82
32 33 0.82
33 34 0.35
34 29 0.12
35 36 0.35
36 37 0.82
37 38 0.82
38 39 0.47
39 40 0.35
40 41 0.35
41 35 0.12
42 43 0.35
43 44 0.82
44 45 0.82
45 46 0.82
46 47 0.35
47 42 0.12
48 49 0.33
49 50 0.68
50 51 0.68
51 52 0.68
52 53 0.33
53 48 0.02
54 55 0.33
55 56 0.68
56 57 0.68
57 58 0.35
58 59 0.33
59 60 0.33
60 54 0.02
61 62 2.236628
62 63 10.163615
63 64 0.275136
64 65 0.793001
65 66 1.403103
66 67 5.118
67 68 4.597002
68 69 1.08309
69 70 1.776689
70 71 0.771327
71 72 0.750006
72 73 1.072002
73 74 0.225435
74 75 6.676
75 76 2.37301
76 61 3.375
61 62 2.236628
62 63 10.163615
63 64 0.275136
64 65 0.793001
65 66 1.403103
66 67 5.118
67 68 4.597002
68 69 1.08309
69 70 1.776689
70 71 0.771327
71 72 0.750006
72 73 1.072002
73 74 0.225435
74 75 6.676
75 76 2.37301
76 61 3.375
4 9 6.809441
5 9 6.345193
5 10 6.403097
5 21 3.71238
5 22 3.54669
6 16 3.204188
6 21 3.276468
6 22 3.216274
7 16 4.020442
7 21 4.078281
7 22 4.030081
6 29 2.767887
6 33 2.726924
6 34 2.74986
3 36 2.244248
4 36 1.895057
5 35 1.436819
5 36 1.4283
5 40 1.575635
5 41 1.459184
6 35 1.709667
6 36 1.926262
6 39 1.835298
6 40 1.500278
6 41 1.646012
3 45 0.822896
3 46 0.068979
4 45 0.475035
4 46 0.356733
5 45 0.068996
5 46 0.821362
6 45 1.228881
6 52 2.204413
2 66 1.780665
2 67 4.219656
3 66 1.582137
3 67 4.551976
5 62 9.701485
5 68 4.956864
5 69 5.159524
5 70 6.020331
6 67 3.862721
6 68 3.982325
6 69 4.352438
6 70 5.477745
6 71 4.997729
7 66 2.37803
7 67 3.464045
7 68 4.523586
7 69 5.016301
7 70 6.241052
7 71 5.788767
8 66 2.102495
8 67 3.787832
9 18 2.746332
9 19 3.382086
10 18 3.00529
10 19 3.674862
15 18 2.441643
15 19 3.016983
9 24 0.741142
9 25 1.105279
10 24 1.091142
10 25 1.364896
11 25 1.091142
12 25 0.067448
12 26 0.752552
13 23 0.548419
13 25 0.35641
13 26 0.829948
13 27 0.887278
13 28 0.618851
14 23 0.282552
14 24 0.067448
14 25 0.822739
14 26 1.112962
14 27 0.752552
14 28 0.402552
15 24 0.282552
15 25 0.867287
9 31 2.99457
10 31 3.152846
15 31 2.839613
9 36 4.918427
9 37 4.109595
10 36 4.983072
10 37 4.186747
15 36 4.870633
15 37 4.052272
9 44 6.282407
9 45 6.334473
10 44 6.291623
10 45 6.388696
15 44 6.29981
15 45 6.292251
9 50 3.562812
10 50 3.665357
15 50 3.477538
11 54 3.760618
11 55 3.55605
11 56 4.124069
11 59 3.995963
11 60 3.773587
12 54 3.138041
12 55 3.019141
12 56 3.671195
12 59 3.295719
12 60 3.146216
9 63 7.230868
9 64 7.111073
9 69 5.578036
9 72 3.051425
9 74 2.478579
10 62 3.444489
10 63 7.192324
10 64 7.084732
10 69 5.880064
10 72 3.361927
10 74 2.824148
11 61 2.097034
11 62 2.781367
11 63 8.00959
11 64 7.903786
11 75 6.112703
12 61 2.182845
12 62 3.644788
12 76 5.479145
15 63 7.306483
15 64 7.171341
15 68 6.138464
15 69 5.19143
15 72 2.659476
15 74 2.028095
18 23 2.114559
18 24 2.27969
18 26 2.778793
18 27 1.970368
18 28 2.068568
19 23 2.563141
19 24 2.805709
19 26 3.007594
19 27 2.281728
19 28 2.485878
16 32 0.443523
16 33 0.537827
17 29 0.606567
17 31 0.818118
17 32 0.363006
17 33 0.473623
17 34 0.537827
18 31 1.092625
18 32 0.810114
19 32 1.095215
20 32 0.870542
21 32 0.818118
21 33 0.872848
22 32 0.524765
22 33 0.606567
16 39 1.60452
16 40 1.921547
21 39 1.86926
21 40 2.147555
22 39 1.663517
22 40 1.971077
21 45 3.746715
17 51 0.530505
21 52 1.595226
22 52 1.349456
18 54 5.620285
18 55 5.622336
18 59 5.639251
18 60 5.620784
16 67 6.125638
16 68 3.017314
18 71 1.534653
18 72 0.848408
18 73 1.684742
18 74 1.588927
19 67 6.987238
19 68 3.121792
19 69 2.212556
19 70 1.541574
19 71 0.785274
19 72 0.465872
19 76 8.616027
20 67 6.660437
20 68 2.916061
20 69 2.084259
20 70 1.729359
20 71 1.026881
21 67 5.916355
21 68 2.566662
21 69 2.005745
21 70 2.315264
21 71 1.73513
22 67 6.069431
22 68 2.90167
23 31 2.73979
24 31 2.777703
27 31 2.758794
28 31 2.736993
23 37 4.057775
24 37 4.042501
27 37 4.125175
28 37 4.069933
23 44 6.378046
24 44 6.32705
27 44 6.475718
28 44 6.399845
23 50 3.457623
24 50 3.454355
27 50 3.517228
28 50 3.466887
26 54 2.914784
26 55 2.874119
26 56 3.552894
26 59 2.997272
26 60 2.91843
27 54 3.724436
27 55 3.692698
27 56 4.371924
27 59 3.78934
27 60 3.72729
23 63 7.455916
23 64 7.301041
23 68 5.662467
23 72 2.162275
23 74 1.415286
24 63 7.366882
24 64 7.222705
24 68 5.922212
24 72 2.429608
24 74 1.752625
26 61 2.538054
26 62 4.280981
26 72 2.551087
26 74 1.521152
26 76 5.629976
27 63 7.599231
27 64 7.43091
27 72 1.847267
27 74 0.97641
28 63 7.489965
28 64 7.331554
28 72 2.076284
28 74 1.301168
30 38 0.595271
33 39 1.067322
33 40 1.389436
34 39 0.963728
34 40 1.311537
29 51 0.105591
29 52 0.574416
30 50 0.347535
30 51 0.364519
31 50 0.787414
31 51 0.795056
33 51 0.482795
33 52 0.742897
34 51 0.160672
34 52 0.587043
31 54 6.483058
31 59 6.539115
31 60 6.485766
29 67 6.128843
29 68 3.664138
31 62 6.59629
31 63 4.937928
31 73 2.747019
31 74 2.622573
33 67 5.860804
33 68 3.196244
33 69 2.813161
34 67 6.058069
34 68 3.544623
35 44 1.79541
35 45 1.446992
36 44 1.605242
36 45 1.421651
37 44 2.361734
40 44 2.115967
40 45 1.605242
41 44 1.871262
41 45 1.474825
35 48 0.741616
35 49 0.759437
35 53 0.745233
36 48 0.871564
36 49 0.745233
36 53 0.882611
37 49 0.169633
37 50 0.608495
38 48 0.356784
38 49 0.681355
38 50 0.897628
38 52 0.089016
38 53 0.337452
39 48 0.514417
39 49 0.775613
39 52 0.381122
39 53 0.501202
40 48 0.808636
40 49 0.995411
40 52 0.73111
40 53 0.800294
41 48 0.73111
41 49 0.800294
41 53 0.731505
37 59 7.913531
35 63 3.089022
35 64 2.851794
35 67 5.488242
36 62 8.313809
36 63 2.867671
36 64 2.645035
36 67 5.756204
37 62 7.550918
37 63 3.559916
37 64 3.361261
39 67 5.395659
39 68 3.709616
39 69 3.594595
40 67 5.143935
40 68 3.784982
40 69 3.765216
40 70 4.462096
41 63 3.170256
41 64 2.928958
41 67 5.398532
44 50 2.968566
42 65 0.258043
42 66 1.397933
42 67 5.068386
43 63 0.961832
43 64 0.700264
43 65 0.096746
43 66 1.381626
44 62 9.458716
44 63 1.304301
44 64 1.057757
44 65 0.799675
44 68 5.749897
44 69 5.857942
45 62 9.678592
45 65 1.076547
45 68 5.016567
45 69 5.210716
45 70 6.056781
46 65 0.727209
46 66 1.549349
46 67 4.617779
47 65 0.377633
47 66 1.423431
47 67 4.952994
50 59 7.305227
50 62 7.070086
50 63 4.150788
50 64 3.958862
52 67 5.678717
52 68 3.659534
52 69 3.435659
54 61 2.170182
54 74 4.123055
55 61 1.86833
55 74 4.164861
55 76 3.063997
56 61 2.249258
56 75 2.011464
56 76 2.523208
57 74 4.78732
57 75 1.888728
57 76 3.019133
58 74 4.437321
58 75 2.238722
59 61 2.49812
59 74 4.107322
59 75 2.568718
60 61 2.188737
60 74 4.121357
2 0 0.908673
3 0 0.866992
7 0 1.39153
8 0 1.138162
11 1 5.330838
12 1 5.0336
18 1 7.738504
26 1 4.977411
42 0 1.056807
45 0 1.689884
46 0 0.875208
47 0 0.992604
55 1 2.118593
56 1 1.442795
57 1 1.675685
61 1 3.27995
66 0 0.991097
67 0 4.300468
75 1 0.997836
76 1 1.554179
