10
16
1.458 7.734
3.694 7.787
2.498 -2.306
2.238 -2.216
1.445 -2.217
1.428 -3.62
-3.69 -3.618
-3.686 0.979
-3.24 1.966
-2.62 3.631
-1.891 3.379
-1.141 3.382
-1.139 4.454
-0.914 4.44
-0.916 11.116
1.457 11.109
7
0.299269 -2.24278
0.649269 -2.24278
0.649269 -1.89278
0.649269 -1.42432
-0.510632 -1.42432
-0.510632 -2.24278
-0.160632 -2.24278
7
1.5288 4.85962
1.8788 4.85962
1.8788 5.67962
0.72021 5.67962
0.72021 5.32962
0.72021 4.85962
1.07021 4.85962
7
-0.77395 1.76903
-0.42395 1.76903
-0.42395 2.92853
-1.24778 2.92853
-1.24778 2.57853
-1.24395 1.76903
-0.89395 1.76903
6
0.437658 4.85959
0.787658 4.85959
0.787658 5.67959
-0.032342 5.67959
-0.032342 4.85959
0.317658 4.85959
6
-0.036179 1.3026
0.313821 1.3026
0.313821 2.1226
-0.506179 2.1226
-0.506179 1.3026
-0.156179 1.3026
7
0.439399 -0.002911
0.789399 -0.002911
0.789399 0.817089
-0.030601 0.817089
-0.030601 0.347089
-0.030601 -0.002911
0.319399 -0.002911
6
1.188248 -2.24278
1.538248 -2.24278
1.538248 -1.42278
0.718248 -1.42278
0.718248 -2.24278
1.068248 -2.24278
6
0.314929 0.728185
0.644929 0.728185
0.644929 1.408185
-0.035071 1.408185
-0.035071 0.728185
0.294929 0.728185
7
-0.554018 8.54731
-0.224018 8.54731
-0.224018 9.22731
-0.904018 9.22731
-0.904018 8.87731
-0.904018 8.54731
-0.574018 8.54731
