0 0.58 -3.107
1 -0.03 10.657
2 0.299269 -2.24278
3 0.649269 -2.24278
4 0.649269 -1.89278
5 0.649269 -1.42432
6 -0.510632 -1.42432
7 -0.510632 -2.24278
8 -0.160632 -2.24278
9 1.5288 4.85962
10 1.8788 4.85962
11 1.8788 5.67962
12 0.72021 5.67962
13 0.72021 5.32962
14 0.72021 4.85962
15 1.07021 4.85962
16 -0.77395 1.76903
17 -0.42395 1.76903
18 -0.42395 2.92853
19 -1.24778 2.92853
20 -1.24778 2.57853
21 -1.24395 1.76903
22 -0.89395 1.76903
23 0.437658 4.85959
24 0.787658 4.85959
25 0.787658 5.67959
26 -0.032342 5.67959
27 -0.032342 4.85959
28 0.317658 4.85959
29 -0.036179 1.3026
30 0.313821 1.3026
31 0.313821 2.1226
32 -0.506179 2.1226
33 -0.506179 1.3026
34 -0.156179 1.3026
35 0.439399 -0.002911
36 0.789399 -0.002911
37 0.789399 0.817089
38 -0.030601 0.817089
39 -0.030601 0.347089
40 -0.030601 -0.002911
41 0.319399 -0.002911
42 1.188248 -2.24278
43 1.538248 -2.24278
44 1.538248 -1.42278
45 0.718248 -1.42278
46 0.718248 -2.24278
47 1.068248 -2.24278
48 0.314929 0.728185
49 0.644929 0.728185
50 0.644929 1.408185
51 -0.035071 1.408185
52 -0.035071 0.728185
53 0.294929 0.728185
54 -0.554018 8.54731
55 -0.224018 8.54731
56 -0.224018 9.22731
57 -0.904018 9.22731
58 -0.904018 8.87731
59 -0.904018 8.54731
60 -0.574018 8.54731
61 1.458 7.734
62 3.694 7.787
63 2.498 -2.306
64 2.238 -2.216
65 1.445 -2.217
66 1.428 -3.62
67 -3.69 -3.618
68 -3.686 0.979
69 -3.24 1.966
70 -2.62 3.631
71 -1.891 3.379
72 -1.141 3.382
73 -1.139 4.454
74 -0.914 4.44
75 -0.916 11.116
76 1.457 11.109
