0.649269 -1.89278 1.5288 4.85962
0.649269 -1.42432 1.5288 4.85962
0.649269 -1.42432 1.8788 4.85962
0.649269 -1.42432 -1.24395 1.76903
0.649269 -1.42432 -0.89395 1.76903
-0.510632 -1.42432 -0.77395 1.76903
-0.510632 -1.42432 -1.24395 1.76903
-0.510632 -1.42432 -0.89395 1.76903
-0.510632 -2.24278 -0.77395 1.76903
-0.510632 -2.24278 -1.24395 1.76903
-0.510632 -2.24278 -0.89395 1.76903
-0.510632 -1.42432 -0.036179 1.3026
-0.510632 -1.42432 -0.506179 1.3026
-0.510632 -1.42432 -0.156179 1.3026
0.649269 -2.24278 0.789399 -0.002911
0.649269 -1.89278 0.789399 -0.002911
0.649269 -1.42432 0.439399 -0.002911
0.649269 -1.42432 0.789399 -0.002911
0.649269 -1.42432 -0.030601 -0.002911
0.649269 -1.42432 0.319399 -0.002911
-0.510632 -1.42432 0.439399 -0.002911
-0.510632 -1.42432 0.789399 -0.002911
-0.510632 -1.42432 -0.030601 0.347089
-0.510632 -1.42432 -0.030601 -0.002911
-0.510632 -1.42432 0.319399 -0.002911
0.649269 -2.24278 0.718248 -1.42278
0.649269 -2.24278 0.718248 -2.24278
0.649269 -1.89278 0.718248 -1.42278
0.649269 -1.89278 0.718248 -2.24278
0.649269 -1.42432 0.718248 -1.42278
0.649269 -1.42432 0.718248 -2.24278
-0.510632 -1.42432 0.718248 -1.42278
-0.510632 -1.42432 -0.035071 0.728185
0.299269 -2.24278 1.428 -3.62
0.299269 -2.24278 -3.69 -3.618
0.649269 -2.24278 1.428 -3.62
0.649269 -2.24278 -3.69 -3.618
0.649269 -1.42432 3.694 7.787
0.649269 -1.42432 -3.686 0.979
0.649269 -1.42432 -3.24 1.966
0.649269 -1.42432 -2.62 3.631
-0.510632 -1.42432 -3.69 -3.618
-0.510632 -1.42432 -3.686 0.979
-0.510632 -1.42432 -3.24 1.966
-0.510632 -1.42432 -2.62 3.631
-0.510632 -1.42432 -1.891 3.379
-0.510632 -2.24278 1.428 -3.62
-0.510632 -2.24278 -3.69 -3.618
-0.510632 -2.24278 -3.686 0.979
-0.510632 -2.24278 -3.24 1.966
-0.510632 -2.24278 -2.62 3.631
-0.510632 -2.24278 -1.891 3.379
-0.160632 -2.24278 1.428 -3.62
-0.160632 -2.24278 -3.69 -3.618
1.5288 4.85962 -0.42395 2.92853
1.5288 4.85962 -1.24778 2.92853
1.8788 4.85962 -0.42395 2.92853
1.8788 4.85962 -1.24778 2.92853
1.07021 4.85962 -0.42395 2.92853
1.07021 4.85962 -1.24778 2.92853
1.5288 4.85962 0.787658 4.85959
1.8788 4.85962 0.787658 4.85959
0.72021 5.67962 -0.032342 5.67959
1.07021 4.85962 0.787658 4.85959
1.5288 4.85962 0.313821 2.1226
1.8788 4.85962 0.313821 2.1226
1.07021 4.85962 0.313821 2.1226
1.5288 4.85962 0.789399 -0.002911
1.5288 4.85962 0.789399 0.817089
1.8788 4.85962 0.789399 -0.002911
1.8788 4.85962 0.789399 0.817089
1.07021 4.85962 0.789399 -0.002911
1.07021 4.85962 0.789399 0.817089
1.5288 4.85962 1.538248 -1.42278
1.5288 4.85962 0.718248 -1.42278
1.8788 4.85962 1.538248 -1.42278
1.8788 4.85962 0.718248 -1.42278
1.07021 4.85962 1.538248 -1.42278
1.07021 4.85962 0.718248 -1.42278
1.5288 4.85962 0.644929 1.408185
1.8788 4.85962 0.644929 1.408185
1.07021 4.85962 0.644929 1.408185
1.8788 5.67962 -0.554018 8.54731
1.8788 5.67962 -0.224018 8.54731
1.8788 5.67962 -0.224018 9.22731
1.8788 5.67962 -0.904018 8.54731
1.8788 5.67962 -0.574018 8.54731
0.72021 5.67962 -0.554018 8.54731
0.72021 5.67962 -0.224018 8.54731
0.72021 5.67962 -0.224018 9.22731
0.72021 5.67962 -0.904018 8.54731
0.72021 5.67962 -0.574018 8.54731
1.5288 4.85962 2.498 -2.306
1.5288 4.85962 2.238 -2.216
1.5288 4.85962 -3.24 1.966
1.5288 4.85962 -1.141 3.382
1.5288 4.85962 -0.914 4.44
1.8788 4.85962 3.694 7.787
1.8788 4.85962 2.498 -2.306
1.8788 4.85962 2.238 -2.216
1.8788 4.85962 -3.24 1.966
1.8788 4.85962 -1.141 3.382
1.8788 4.85962 -0.914 4.44
1.8788 5.67962 1.458 7.734
1.8788 5.67962 3.694 7.787
1.8788 5.67962 2.498 -2.306
1.8788 5.67962 2.238 -2.216
1.8788 5.67962 -0.916 11.116
0.72021 5.67962 1.458 7.734
0.72021 5.67962 3.694 7.787
0.72021 5.67962 1.457 11.109
1.07021 4.85962 2.498 -2.306
1.07021 4.85962 2.238 -2.216
1.07021 4.85962 -3.686 0.979
1.07021 4.85962 -3.24 1.966
1.07021 4.85962 -1.141 3.382
1.07021 4.85962 -0.914 4.44
-0.42395 2.92853 0.437658 4.85959
-0.42395 2.92853 0.787658 4.85959
-0.42395 2.92853 -0.032342 5.67959
-0.42395 2.92853 -0.032342 4.85959
-0.42395 2.92853 0.317658 4.85959
-1.24778 2.92853 0.437658 4.85959
-1.24778 2.92853 0.787658 4.85959
-1.24778 2.92853 -0.032342 5.67959
-1.24778 2.92853 -0.032342 4.85959
-1.24778 2.92853 0.317658 4.85959
-0.77395 1.76903 -0.506179 1.3026
-0.42395 2.92853 0.313821 2.1226
-1.24395 1.76903 -0.506179 1.3026
-0.89395 1.76903 -0.506179 1.3026
-0.77395 1.76903 -0.030601 0.347089
-0.77395 1.76903 -0.030601 -0.002911
-1.24395 1.76903 -0.030601 0.347089
-1.24395 1.76903 -0.030601 -0.002911
-0.89395 1.76903 -0.030601 0.347089
-0.89395 1.76903 -0.030601 -0.002911
-1.24395 1.76903 0.718248 -1.42278
-1.24395 1.76903 -0.035071 0.728185
-0.89395 1.76903 -0.035071 0.728185
-0.42395 2.92853 -0.554018 8.54731
-0.42395 2.92853 -0.224018 8.54731
-0.42395 2.92853 -0.904018 8.54731
-0.42395 2.92853 -0.574018 8.54731
-0.77395 1.76903 -3.69 -3.618
-0.77395 1.76903 -3.686 0.979
-0.42395 2.92853 -1.891 3.379
-0.42395 2.92853 -1.141 3.382
-0.42395 2.92853 -1.139 4.454
-0.42395 2.92853 -0.914 4.44
-1.24778 2.92853 -3.69 -3.618
-1.24778 2.92853 -3.686 0.979
-1.24778 2.92853 -3.24 1.966
-1.24778 2.92853 -2.62 3.631
-1.24778 2.92853 -1.891 3.379
-1.24778 2.92853 -1.141 3.382
-1.24778 2.92853 1.457 11.109
-1.24778 2.57853 -3.69 -3.618
-1.24778 2.57853 -3.686 0.979
-1.24778 2.57853 -3.24 1.966
-1.24778 2.57853 -2.62 3.631
-1.24778 2.57853 -1.891 3.379
-1.24395 1.76903 -3.69 -3.618
-1.24395 1.76903 -3.686 0.979
-1.24395 1.76903 -3.24 1.966
-1.24395 1.76903 -2.62 3.631
-1.24395 1.76903 -1.891 3.379
-0.89395 1.76903 -3.69 -3.618
-0.89395 1.76903 -3.686 0.979
0.437658 4.85959 0.313821 2.1226
0.787658 4.85959 0.313821 2.1226
-0.032342 4.85959 0.313821 2.1226
0.317658 4.85959 0.313821 2.1226
0.437658 4.85959 0.789399 0.817089
0.787658 4.85959 0.789399 0.817089
-0.032342 4.85959 0.789399 0.817089
0.317658 4.85959 0.789399 0.817089
0.437658 4.85959 1.538248 -1.42278
0.787658 4.85959 1.538248 -1.42278
-0.032342 4.85959 1.538248 -1.42278
0.317658 4.85959 1.538248 -1.42278
0.437658 4.85959 0.644929 1.408185
0.787658 4.85959 0.644929 1.408185
-0.032342 4.85959 0.644929 1.408185
0.317658 4.85959 0.644929 1.408185
-0.032342 5.67959 -0.554018 8.54731
-0.032342 5.67959 -0.224018 8.54731
-0.032342 5.67959 -0.224018 9.22731
-0.032342 5.67959 -0.904018 8.54731
-0.032342 5.67959 -0.574018 8.54731
-0.032342 4.85959 -0.554018 8.54731
-0.032342 4.85959 -0.224018 8.54731
-0.032342 4.85959 -0.224018 9.22731
-0.032342 4.85959 -0.904018 8.54731
-0.032342 4.85959 -0.574018 8.54731
0.437658 4.85959 2.498 -2.306
0.437658 4.85959 2.238 -2.216
0.437658 4.85959 -3.686 0.979
0.437658 4.85959 -1.141 3.382
0.437658 4.85959 -0.914 4.44
0.787658 4.85959 2.498 -2.306
0.787658 4.85959 2.238 -2.216
0.787658 4.85959 -3.686 0.979
0.787658 4.85959 -1.141 3.382
0.787658 4.85959 -0.914 4.44
-0.032342 5.67959 1.458 7.734
-0.032342 5.67959 3.694 7.787
-0.032342 5.67959 -1.141 3.382
-0.032342 5.67959 -0.914 4.44
-0.032342 5.67959 1.457 11.109
-0.032342 4.85959 2.498 -2.306
-0.032342 4.85959 2.238 -2.216
-0.032342 4.85959 -1.141 3.382
-0.032342 4.85959 -0.914 4.44
0.317658 4.85959 2.498 -2.306
0.317658 4.85959 2.238 -2.216
0.317658 4.85959 -1.141 3.382
0.317658 4.85959 -0.914 4.44
-0.506179 1.3026 -0.030601 0.347089
-0.506179 1.3026 -0.030601 -0.002911
-0.156179 1.3026 -0.030601 0.347089
-0.156179 1.3026 -0.030601 -0.002911
-0.036179 1.3026 -0.035071 0.728185
0.313821 2.1226 0.644929 1.408185
-0.506179 1.3026 -0.035071 0.728185
-0.156179 1.3026 -0.035071 0.728185
0.313821 2.1226 -0.554018 8.54731
0.313821 2.1226 -0.904018 8.54731
0.313821 2.1226 -0.574018 8.54731
-0.036179 1.3026 -3.69 -3.618
-0.036179 1.3026 -3.686 0.979
0.313821 2.1226 3.694 7.787
0.313821 2.1226 2.498 -2.306
0.313821 2.1226 -1.139 4.454
0.313821 2.1226 -0.914 4.44
-0.506179 1.3026 -3.69 -3.618
-0.506179 1.3026 -3.686 0.979
-0.506179 1.3026 -3.24 1.966
-0.156179 1.3026 -3.69 -3.618
-0.156179 1.3026 -3.686 0.979
0.439399 -0.002911 1.538248 -1.42278
0.439399 -0.002911 0.718248 -1.42278
0.789399 -0.002911 1.538248 -1.42278
0.789399 -0.002911 0.718248 -1.42278
0.789399 0.817089 1.538248 -1.42278
-0.030601 -0.002911 1.538248 -1.42278
-0.030601 -0.002911 0.718248 -1.42278
0.319399 -0.002911 1.538248 -1.42278
0.319399 -0.002911 0.718248 -1.42278
0.789399 0.817089 0.644929 1.408185
-0.030601 0.347089 -0.035071 0.728185
-0.030601 -0.002911 -0.035071 0.728185
0.789399 0.817089 -0.904018 8.54731
0.439399 -0.002911 2.498 -2.306
0.439399 -0.002911 2.238 -2.216
0.439399 -0.002911 -3.69 -3.618
0.789399 -0.002911 3.694 7.787
0.789399 -0.002911 2.498 -2.306
0.789399 -0.002911 2.238 -2.216
0.789399 -0.002911 -3.69 -3.618
0.789399 0.817089 3.694 7.787
0.789399 0.817089 2.498 -2.306
0.789399 0.817089 2.238 -2.216
-0.030601 0.347089 -3.69 -3.618
-0.030601 0.347089 -3.686 0.979
-0.030601 0.347089 -3.24 1.966
-0.030601 -0.002911 -3.69 -3.618
-0.030601 -0.002911 -3.686 0.979
-0.030601 -0.002911 -3.24 1.966
-0.030601 -0.002911 -2.62 3.631
0.319399 -0.002911 2.498 -2.306
0.319399 -0.002911 2.238 -2.216
0.319399 -0.002911 -3.69 -3.618
1.538248 -1.42278 0.644929 1.408185
1.188248 -2.24278 1.428 -3.62
1.188248 -2.24278 -3.69 -3.618
1.538248 -2.24278 2.498 -2.306
1.538248 -2.24278 2.238 -2.216
1.538248 -2.24278 1.428 -3.62
1.538248 -1.42278 3.694 7.787
1.538248 -1.42278 2.498 -2.306
1.538248 -1.42278 2.238 -2.216
1.538248 -1.42278 -3.686 0.979
1.538248 -1.42278 -3.24 1.966
0.718248 -1.42278 3.694 7.787
0.718248 -1.42278 -3.686 0.979
0.718248 -1.42278 -3.24 1.966
0.718248 -1.42278 -2.62 3.631
0.718248 -2.24278 1.428 -3.62
0.718248 -2.24278 -3.69 -3.618
1.068248 -2.24278 1.428 -3.62
1.068248 -2.24278 -3.69 -3.618
0.644929 1.408185 -0.904018 8.54731
0.644929 1.408185 3.694 7.787
0.644929 1.408185 2.498 -2.306
0.644929 1.408185 2.238 -2.216
-0.035071 0.728185 -3.69 -3.618
-0.035071 0.728185 -3.686 0.979
-0.035071 0.728185 -3.24 1.966
-0.554018 8.54731 1.458 7.734
-0.554018 8.54731 -0.914 4.44
-0.224018 8.54731 1.458 7.734
-0.224018 8.54731 -0.914 4.44
-0.224018 8.54731 1.457 11.109
-0.224018 9.22731 1.458 7.734
-0.224018 9.22731 -0.916 11.116
-0.224018 9.22731 1.457 11.109
-0.904018 9.22731 -0.914 4.44
-0.904018 9.22731 -0.916 11.116
-0.904018 9.22731 1.457 11.109
-0.904018 8.87731 -0.914 4.44
-0.904018 8.87731 -0.916 11.116
-0.904018 8.54731 1.458 7.734
-0.904018 8.54731 -0.914 4.44
-0.904018 8.54731 -0.916 11.116
-0.574018 8.54731 1.458 7.734
-0.574018 8.54731 -0.914 4.44
0.299269 -2.24278 0.58 -3.107
0.649269 -2.24278 0.58 -3.107
-0.510632 -2.24278 0.58 -3.107
-0.160632 -2.24278 0.58 -3.107
1.8788 5.67962 -0.03 10.657
0.72021 5.67962 -0.03 10.657
-0.42395 2.92853 -0.03 10.657
-0.032342 5.67959 -0.03 10.657
1.188248 -2.24278 0.58 -3.107
0.718248 -1.42278 0.58 -3.107
0.718248 -2.24278 0.58 -3.107
1.068248 -2.24278 0.58 -3.107
-0.224018 8.54731 -0.03 10.657
-0.224018 9.22731 -0.03 10.657
-0.904018 9.22731 -0.03 10.657
1.458 7.734 -0.03 10.657
1.428 -3.62 0.58 -3.107
-3.69 -3.618 0.58 -3.107
-0.916 11.116 -0.03 10.657
1.457 11.109 -0.03 10.657
